{
 "cells": [
  {
   "cell_type": "code",
   "execution_count": 3,
   "metadata": {},
   "outputs": [
    {
     "data": {
      "text/latex": [
       "$\\displaystyle \\left[\\begin{matrix}0.0 & 0.0 & 0.0 & 0.0 & 0.0 & 0.0 & 0.0 & 0.0 & 0.0 & 0.0\\\\0.0 & 1.0 & 2.0 & 3.0 & 4.0 & 5.0 & 6.0 & 7.0 & 8.0 & 9.0\\\\0.0 & 2.0 & 4.0 & 6.0 & 8.0 & 10.0 & 12.0 & 14.0 & 16.0 & 18.0\\\\0.0 & 3.0 & 6.0 & 9.0 & 12.0 & 15.0 & 18.0 & 21.0 & 24.0 & 27.0\\\\0.0 & 4.0 & 8.0 & 12.0 & 16.0 & 20.0 & 24.0 & 28.0 & 32.0 & 36.0\\\\0.0 & 5.0 & 10.0 & 15.0 & 20.0 & 25.0 & 30.0 & 35.0 & 40.0 & 45.0\\\\0.0 & 6.0 & 12.0 & 18.0 & 24.0 & 30.0 & 36.0 & 42.0 & 48.0 & 54.0\\\\0.0 & 7.0 & 14.0 & 21.0 & 28.0 & 35.0 & 42.0 & 49.0 & 56.0 & 63.0\\\\0.0 & 8.0 & 16.0 & 24.0 & 32.0 & 40.0 & 48.0 & 56.0 & 64.0 & 72.0\\\\0.0 & 9.0 & 18.0 & 27.0 & 36.0 & 45.0 & 54.0 & 63.0 & 72.0 & 81.0\\end{matrix}\\right]$"
      ],
      "text/plain": [
       "<IPython.core.display.Math object>"
      ]
     },
     "metadata": {},
     "output_type": "display_data"
    }
   ],
   "source": [
    "import sympy as sym\n",
    "import numpy as np\n",
    "from IPython.display import display,Math\n",
    "from sympy.abc import x,y\n",
    "\n",
    "x,y = sym.symbols('x y')\n",
    "xyset = range(1,10)\n",
    "expr = x*y\n",
    "\n",
    "table = np.zeros([len(xyset),len(xyset)])\n",
    "\n",
    "for i in xyset:\n",
    "    for j in xyset:\n",
    "        table[i,j] = expr.subs({x:i,y:j})\n",
    "        \n",
    "display(Math(sym.latex(sym.sympify(table))))\n"
   ]
  },
  {
   "cell_type": "code",
   "execution_count": null,
   "metadata": {},
   "outputs": [],
   "source": []
  }
 ],
 "metadata": {
  "kernelspec": {
   "display_name": "Python 3",
   "language": "python",
   "name": "python3"
  },
  "language_info": {
   "codemirror_mode": {
    "name": "ipython",
    "version": 3
   },
   "file_extension": ".py",
   "mimetype": "text/x-python",
   "name": "python",
   "nbconvert_exporter": "python",
   "pygments_lexer": "ipython3",
   "version": "3.7.6"
  }
 },
 "nbformat": 4,
 "nbformat_minor": 4
}
